1 25544U 98067A   26091.50000000  .00016717  00000-0  10270-3 0  9003
2 25544  51.6416 247.4627 0006703 130.5360 325.0288 15.72125391999990
1 20580U 90037B   26091.50000000  .00000023  00000-0  10000-4 0  9001
2 20580  28.4700  50.7900 0003600 265.0400  94.8200  1.00272940999990
1 43226U 18036A   26091.50000000  .00000012  00000-0  10000-4 0  9005
2 43226   0.0182 267.5400 0001845 133.2900 269.1000  1.00273091999990
1 28654U 05018A   26091.50000000 -.00000037  00000-0  00000-0 0  9006
2 28654   0.0378  74.4200 0004197 129.7200 281.5600  1.00270640999990
1 41866U 16071A   26091.50000000  .00000008  00000-0  10000-4 0  9008
2 41866   0.0171 268.4600 0001459 146.1900 332.7500  1.00270610999990
1 29155U 06022A   26091.50000000  .00000084  00000-0  10000-4 0  9004
2 29155   0.0283 275.1700 0003091 146.4200 204.3900  1.00271960999990
1 33591U 09005A   26091.50000000  .00000036  00000-0  10000-4 0  9007
2 33591   0.0217 261.8500 0000628 169.7500 160.9000  1.00271490999990
1 36516U 10013A   26091.50000000  .00000011  00000-0  10000-4 0  9003
2 36516   0.0400  72.0300 0003254 115.3400 238.0100  1.00271250999990
1 39084U 13008A   26091.50000000  .00000003  00000-0  10000-4 0  9002
2 39084  98.1827 102.5400 0001345  89.4100 270.7200 14.57107350999990
1 40258U 14050A   26091.50000000  .00001200  00000-0  82500-4 0  9009
2 40258  97.6500 158.2300 0013600  46.3200 313.9100 14.95456400999990
1 27424U 02022A   26091.50000000  .00000650  00000-0  34700-4 0  9001
2 27424  98.2100 176.5100 0001100  87.6300 272.5100 14.57110200999990
1 25994U 99068A   26091.50000000  .00000240  00000-0  16800-4 0  9003
2 25994  98.0500  10.8300 0012400 263.4100  96.5600 14.60500200999990
1 28884U 05042A   26091.50000000  .00000038  00000-0  41000-4 0  9005
2 28884  99.1700  20.2500 0015100 322.8200  37.2100 14.12280400999990
1 37849U 11061A   26091.50000000  .00000023  00000-0  18000-4 0  9007
2 37849  98.7200 177.1400 0001500  74.8300 285.3100 14.20730200999990
1 43013U 17073A   26091.50000000  .00000036  00000-0  22000-4 0  9002
2 43013  98.7200 171.3200 0001200  93.1400 267.0000 14.19553600999990
1 49260U 21088A   26091.50000000  .00000530  00000-0  27900-4 0  9004
2 49260  97.5100 186.3200 0011700 142.6400 217.5800 15.23800100999990
1 44874U 19092A   26091.50000000  .00000024  00000-0  13700-4 0  9006
2 44874  53.0500 225.1100 0001400  62.0100 298.1100 15.06400100999990
1 48274U 21035A   26091.50000000  .00000025  00000-0  14200-4 0  9008
2 48274  53.0500 345.2300 0001200  74.3200 285.8000 15.06400200999990
1 44713U 19074A   26091.50000000  .00000027  00000-0  15000-4 0  9003
2 44713  53.0500 105.8600 0001300  68.4400 291.6800 15.06400300999990
1 45596U 20019A   26091.50000000  .00000023  00000-0  13000-4 0  9005
2 45596  53.0500 165.1200 0001500  55.2100 304.9100 15.06400100999990
1 46984U 21002A   26091.50000000  .00000026  00000-0  14500-4 0  9007
2 46984  53.0500  45.6700 0001100  82.1300 277.9900 15.06400200999990
1 54216U 22150A   26091.50000000  .00000390  00000-0  21000-4 0  9004
2 54216  43.0000 190.2400 0001300 278.1200  81.9500 15.02500100999990
1 55043U 23001A   26091.50000000  .00000420  00000-0  22500-4 0  9006
2 55043  43.0000 310.5100 0001200 267.3400  92.6800 15.02500200999990
1 57166U 23091A   26091.50000000  .00080000  00000-0  35000-3 0  9008
2 57166  97.4800 125.3200 0005100  45.6700 314.4800 15.22400100999990
1 58153U 23174A   26091.50000000  .00006200  00000-0  31000-3 0  9003
2 58153  97.5500 285.7100 0015300 193.4200 166.6500 15.17200100999990
1 59051U 24045A   26091.50000000  .00002100  00000-0  12500-3 0  9005
2 59051  97.4400  87.3200 0001100  92.1400 268.0000 15.19400200999990
1 22049U 92052A   26091.50000000  .00000006  00000-0  10000-4 0  9001
2 22049  65.0000 200.7600 6870000 250.0000 110.0000  2.00627700999990
1 38771U 12049A   26091.50000000  .00001100  00000-0  54300-4 0  9003
2 38771  99.1500 194.6200 0014200 230.5600 129.4200 14.34920600999990
1 43437U 18039A   26091.50000000  .00000440  00000-0  24300-4 0  9005
2 43437  97.2900  84.5100 0001400 120.3200 239.8100 15.24100200999990
1 47851U 21021A   26091.50000000  .00000026  00000-0  14800-4 0  9007
2 47851  53.0500 285.4700 0001300  70.2100 289.8100 15.06400100999990
